> start 0
1.0000000000
0.0003240311
0.0003432503
0.0012083268
0.0000000572
0.0000000003
0.0282333979
0.0176835789
0.0002109919
0.0011396512
0.0000408032
0.0000924928
0.0000001112
0.0127784143
0.0082151233
0.0000000381
0.0000000145
0.0000000298
0.0000000424
0.0000099216
0.0000117403
0.0289989134
0.0000112483
0.0000080886
0.1805484190
0.4686878438
0.0826825742
0.0935446108
0.0779910062
0.0007188520
0.0013786683
0.0000120311
0.0000092115
0.0000091725
0.0000044680
0.0000039304
0.0000018381
0.0000001575
0.0000036532
0.0000018266
0.0000009097
0.0000000001
0.0000000019
0.0000000003
0.0000000002
0.0000000002
0.0000000010
0.0190526855
0.0181525191
0.0221079268
0.0004284729
0.0029681589
0.0196342332
0.0512238305
0.0690258950
0.0621039558
0.0028776336
0.0000004492
0.0000000013
0.0000000001
0.0000354476
0.0000153488
0.0000025340
0.0000023659
0.0000083787
0.0000171176
0.0000213839
0.0000233281
0.0033243512
0.0011840655
0.0336045562
0.0000615405
0.0001001729
0.0001505316
0.0001108534
0.0000841743
0.0000707138
0.0004424999
0.0000048770
0.0000063559
0.0000063972
0.0028970794
0.0065319956
0.0183983205
0.0000880856
0.0688500654
0.1141361590
0.0755937287
0.0000408070
0.0001755176
0.0436843816
0.0647886050
0.0001477876
0.0001879468
0.0000331210
0.0000114258
0.0000074562
0.0845530107
0.0079949529
0.0018671630
0.0000000714
0.0000000092
0.0000000093
0.0000000133
0.0000000091
0.0000078831
0.0000031098
0.0000011881
0.0000008416
0.0000006001
0.0000014755
0.0000032113
0.1348663977
0.0000026259
0.0000018099
0.0000015895
0.0007541446
0.0148855359
0.0349127831
0.0330397236
0.0000670479
0.0000518892
0.0000957297
0.0001176508
0.0001923697
0.0000334151
0.0000002423
0.0001715956
0.0000000001
0.0000000001
0.0000000001
0.0000000001
0.0000000001
0.0000000000
0.0000000000
0.0000000010
0.0000000092
0.0000000035
0.0000000059
0.0000000292
0.0000000308
0.0000026895
0.0003291876
0.0005492281
0.0010457456
0.0492559385
0.0091095176
0.0001299813
0.0002111866
0.0001070812
0.0003302874
0.0000001068
0.0000000433
0.0000000432
0.0000000440
0.0171267142
0.0331181267
0.0402185488
0.1233176789
0.0001095728
0.0000000167
0.0000000111
0.0000000084
0.0150129196
0.0147471918
0.0176568694
0.0161717575
0.0229698807
0.0225019198
0.0196110388
0.0000013139
0.0000010297
0.0000011183
0.0000014643
0.0000012662
0.0000012344
0.0000015868
0.0000133397
0.0000048793
0.0248050594
0.0000007768
0.0000007892
0.0026849138
0.0123637581
0.0087893098
0.0058107987
0.0206918136
0.0402355040
0.0012645868
0.3727595234
0.1633696441
0.0727689764
0.0712594207
0.1307292145
0.0589730836
0.0131462562
0.0059342228
0.0046264319
0.0048215233
0.0018246103
0.0029327129
0.0009188792
0.0000057252
0.0000099370
0.0000064834
0.0000087607
0.0000227066
0.0000000000
0.0000000000
0.0000000000
0.0000000001
0.0000000004
0.0000000112
0.0000000103
0.0000000065
0.0000000000
0.0000000000
0.0000000000
0.0000000000
0.0000000000
0.0000000010
0.0000000006
0.0000000004
0.0000000019
0.0000000296
0.0000000279
0.0025192335
0.0284210534
0.0000134454
0.0000245638
0.0000271060
0.1601782406
0.0021792867
0.0014841958
0.0000024723
0.0000103700
0.0000000000
0.0000000000
0.0000000000
0.0000000000
0.0000000000
0.0000000000
0.0000000000
0.0000000000
0.0000000000
0.0000000000
0.0000000005
0.0000000013
0.0000000022
0.0000000023
0.0000000015
0.0000000001
0.0000000001
0.0000000000
0.0000000000
0.0000000000
0.0000000000
0.0000000001
0.0000007386
0.0001345689
0.0074928770
0.0105318537
0.0673870446
0.2652404108
0.0454433633
0.0110037068
0.0061206886
0.0023570794
0.0000017106
0.0000001205
0.0000000441
0.0000000054
0.0000000708
0.0000000528
0.0000001568
0.0000002119
0.0000001930
0.0001115472
0.0001302490
0.0000037969
0.0000596158
0.0001581545
0.0002724826
0.0004686490
0.0076950431
0.0326962072
0.0410079446
0.0000011591
0.0000013668
0.0000007927
0.0000000000
0.0000000000
0.0000045758
0.0035625205
0.0015090842
0.0063176558
0.0051712048
0.0048997548
0.0000000806
0.0000360473
0.0000150282
0.0000097961
0.0000002273
0.0000001677
0.0000001364
0.0267192157
0.0584153912
0.0638645477
0.0965331741
0.2181004506
0.2701618100
0.0170316453
0.0002636516
0.0004142255
0.0002704139
0.0000053695
0.0000211234
0.0000044091
0.0000039449
0.0000072145
0.0332459048
0.0453635277
0.0006138117
0.0171045964
0.0000000000
0.0044006672
0.0051248028
0.0047402072
0.0019486060
0.0007934689
0.0000000000
0.0000000000
0.0000000000
0.0000000001
0.0000938995
0.0000005026
0.0000004496
0.0000001529
0.0393904188
0.0188644399
0.0226969539
0.0075334695
0.0044342186
0.0000017348
0.0000025133
0.0000031163
0.0000015318
0.0000002077
0.0000006529
0.0000011731
0.0006498014
0.0000000003
0.0000000002
0.0005062445
0.0126768124
0.0134660652
0.0192388345
0.0000011638
0.0000010620
0.0000007289
0.0000011653
0.0000008018
0.0000014630
0.0000023714
0.0000030346
0.0000029273
0.0000041627
0.0000022411
0.0000024696
0.0012720172
0.0006965419
0.0183065510
0.0142968042
0.0140311692
0.0625225610
0.0061687909
0.0000000058
0.0000000079
0.0000000263
0.0000000148
0.0000000285
0.0000007898
0.0000003362
0.0000024933
0.0000026193
0.0001179573
0.0001510406
0.0000388220
0.0000871831
0.0000392474
0.0047740775
0.0046200263
0.0077899534
0.0045541718
0.0000937410
0.0000240265
0.0000220003
0.0001576239
0.0025696843
0.4011360638
0.3763197161
0.2523240077
0.0866589456
0.0525318600
0.0451470488
0.0019934017
0.0019432097
0.0013128761
0.0032914356
0.0000000281
0.0000000040
0.0000000000
0.0000002213
0.0000001246
0.0937499664
0.0000004101
0.0000003421
0.0000001281
0.0000000392
0.0000030403
0.0000000000
0.0000000000
0.0000000000
0.0000000000
0.0000000000
0.0000000000
0.0000000000
0.0000000000
0.0066844076
0.0000001290
0.0000036736
0.0036934735
0.0028085969
0.0021536380
0.0151535273
0.0104534296
0.0076532383
0.0063637382
0.0000001055
0.0000000548
0.0000000329
0.0000000239
0.0000000472
0.0000000351
0.0000002743
0.0000001921
0.0259598513
0.0082180503
0.0000474235
0.0005341518
0.0000049649
0.0000207051
0.0000184914
0.0000033463
0.0000547864
0.0001378871
0.0001567543
0.0005657417
0.0000000000
0.0000000000
0.0000000000
0.0000000000
0.0000000466
0.0000232773
0.0002031225
0.2933178725
0.3936879670
0.3231128311
0.1745872596
0.0917628692
0.0367230760
0.0113354428
0.0078038465
0.0208288406
0.0455483654
0.0269488639
0.0355905002
0.0106892520
0.0184945184
0.0002353706
0.0003303120
0.0000929526
0.0000000286
0.0000000115
0.0078614455
0.0056072090
0.0061137502
0.0002406431
0.0002741990
0.0001638744
0.0000989139
0.0000199112
0.0000038283
0.0000019231
0.0000001345
0.0000000995
0.0000001631
0.0000002477
0.0000003527
0.0000000000
0.0000000000
0.0000000000
0.0000000000
0.0000000000
0.0000000000
0.0000000000
0.0000000000
0.0000000000
0.0000000000
0.0000000000
0.0000000000
0.0000006991
0.0000005423
0.0000012020
0.0000014008
0.0000013722
0.0000058589
0.0000010619
0.0000025795
0.0000064418
0.1595420414
0.1517227465
0.0829061729
0.2076965207
0.0006991918
0.0000029683
0.0000000026
0.0000000000
0.0000000000
0.0000000000
0.0000000000
0.0000000000
0.0000000000
0.0000000000
0.0000000000
0.0000000000
0.0000000000
0.0000000000
0.0000000000
0.0000000000
0.0000000000
0.0000000000
0.0000000000
0.0000000000
0.0000000000
0.0000000000
0.0000000000
0.0000000000
0.0000000000
0.0000000000
0.0000000000
0.0000000000
0.0000000000
0.0000006300
0.0000014569
0.0000458793
0.0004842199
0.0617873126
0.3984174672
0.1718896459
0.4016377464
0.2361824706
0.0286599486
0.0003240320
0.0284793428
0.0116059123
0.0217869382
0.0194170521
0.0050513117
0.0027542382
0.0002248608
0.0000394705
0.0000029823
0.0000074232
0.0000013828
0.0000009901
0.0000000041
0.0000000292
0.0000000470
0.0000000442
0.0000000392
0.0000000109
0.0000000118
0.0000000122
0.0000000000
0.0000000000
0.0000000000
0.0000000001
0.0000000567
0.0000001107
0.0000000493
0.0000000380
0.0000000504
0.0091578629
0.0101486815
0.0001335103
0.0000643690
0.0000384751
0.0000286676
0.0000454510
0.0000062332
0.0003568751
0.0000012795
0.0265747667
0.0295546881
0.0000073963
0.0000012344
0.0000048340
0.0000137548
0.0000583689
0.0000000413
0.0000000627
0.0000000000
0.0000000000
0.0000000000
0.0000027562
0.0000010481
0.0000032149
0.0012118458
0.0778585716
0.0000803845
0.0001214948
0.0000119390
0.2593369302
0.0009379159
0.0007370204
0.0000000002
0.0424570982
0.0079177845
0.0000000000
0.0000000001
0.0000000001
0.0000000000
0.0000000000
0.0000000000
0.0000000000
0.0000000000
0.0000000000
0.0000000000
0.0000000000
0.0000000002
0.0000000013
0.0000000010
0.0000000002
0.0000000001
0.0000153828
0.0000066856
0.0000117244
0.0000690481
0.0000392810
0.0074221900
0.0137571474
0.0647204375
0.5272735173
0.0000018416
0.0631885659
0.0217849301
0.0020231990
0.0024218373
0.0081373382
0.0457366765
0.0712386307
0.1244883372
0.0440934023
0.0000284736
0.0000001409
0.0000000359
0.0000000696
0.0000308963
0.0000488647
0.0000398239
0.0762538174
0.0608067577
0.0020235562
0.0013573124
0.0001902542
0.0000001989
0.0000000002
0.0000000001
0.0000000001
0.0000024133
0.0000033271
0.0000026993
0.0025043909
0.0022062819
0.1339038982
0.0000003194
0.0000013015
0.0000002488
0.0000000085
0.0000000051
0.0000004829
0.0000018911
0.0305380392
0.0006603625
0.0001250074
0.0007143148
0.0001900907
0.0000214154
0.0000557528
0.0000000337
0.0000001852
0.0000000842
0.0000002325
0.0032407935
0.2273396024
0.0000025311
0.0000005130
0.0000012839
0.0000000104
0.0000000092
0.0000000135
0.0782206696
0.0000000053
0.0000000109
0.0000000074
0.0000000026
0.0000000009
0.0417550595
0.1452358999
0.0000028172
0.0005764410
0.0004053068
0.0002362335
0.0002920111
0.0000066379
0.0000395555
0.0001354386
0.0000021978
0.3461097270
0.0350920094
0.0008113001
0.0000331878
0.0002864976
0.0000003262
0.0000002606
0.0000065192
0.0000144023
0.0010047662
0.0018573700
0.0046383306
0.0072165077
0.0100511982
0.2064691527
0.0249317956
0.0534252241
0.0010100788
0.0004013785
0.0004065028
0.0005009067
0.0000460387
0.0000021298
0.0000013340
0.0000010042
0.0000009046
0.0000000074
0.0000000123
0.0000000082
0.0000000172
0.0000000104
0.0000000088
0.0000080470
0.0000123278
0.0000110188
0.0000253847
0.0000000015
0.0000000009
0.0000000022
0.0000001542
0.0000010404
0.0000063773
0.0083361401
0.0335231171
0.0242881922
0.0021127377
0.0000000010
0.0000000018
0.0000000000
0.0000000000
0.0000000000
0.0000051838
0.0000045553
0.1099459803
0.0463212879
0.0236175550
0.0000003449
0.0000007020
0.0000012364
0.0090811055
0.0072781517
0.0141978829
0.0379866980
0.0397039492
0.0197740237
0.0010221774
0.0000078513
0.0000028601
0.0000516288
0.0000069086
0.0601016461
0.0781372872
0.0000001081
0.0000010202
0.0001553173
0.4173547888
0.0298239176
0.0132801283
0.0007359059
0.0002705766
0.0002197024
0.0000573202
0.0008818379
0.0000003430
0.0001164454
0.0000953758
0.0532645627
0.0768821721
0.0002663326
0.0000000001
0.0000000002
0.0000000059
0.0000000016
0.0000000275
0.0000000330
0.0000000295
0.0000000226
0.0000000164
0.0000000450
0.0000000376
0.0000000828
0.0000000555
0.0000001825
0.0000018237
0.0000012814
0.0000000000
0.0000000000
0.0000000000
0.0000000000
0.0000000000
0.0000000000
0.0000000000
0.0000000061
0.0000239646
0.0000148908
0.0000342744
0.0126840905
0.0335646106
0.0663558030
0.1971855422
0.4020653886
0.2116760461
0.0108481094
0.0000000016
0.0000000000
0.0000000000
0.0000000000
0.0000029765
0.0000082543
0.2127765276
0.2129542098
0.0000323338
0.0000212028
0.0000063118
0.0000098781
0.0027448774
0.0009129021
0.0005619380
0.0000024860
0.0000019635
0.0000028834
0.0000034578
0.0000128870
0.0000058001
0.0000253883
0.0000327648
0.0000144100
0.0056858598
0.0216895898
0.0025604685
0.0051773439
0.0013830516
0.0000120784
0.0000000174
0.0000000025
0.0000000057
0.0000438170
0.0000000547
0.0024462596
0.0014085205
0.2858856927
0.0445705046
0.0065778363
0.0022458596
0.0012132965
0.0000000978
0.0000000838
0.0000002176
0.0000003372
0.0000001902
0.0181156095
0.0112713914
0.0132651575
0.0074905061
0.0192900027
0.0037868778
0.0007371140
0.0009830676
0.0012855491
0.0101150325
0.0144689954
0.0195212191
0.0118452600
0.0254952205
0.0157555380
0.0150708094
0.0000000030
0.0000000028
0.0000000011
0.0000000000
0.0000000000
0.0000000000
0.0000000000
0.0000000000
0.0000000000
0.0000000000
0.0000001200
0.0001279421
0.0000657471
0.0000313220
0.0000184101
0.0006200768
0.0140954028
0.0292412476
0.0314502778
0.0000000014
0.0000000008
0.0000000000
0.0000000000
0.0000406339
0.0000263007
0.0000073705
0.0000149187
0.0014397759
0.0368150044
0.0512852939
0.0323941714
0.0290602147
0.0018819764
0.0070442489
0.0093801878
0.0108552220
0.0117789307
0.0000000003
0.0000000002
0.0000000002
0.0000000016
0.0000000020
0.4007010337
0.0000002461
0.0000000519
0.0000000517
0.0000000488
0.0000000514
0.0000001673
0.0000009283
0.0000004790
0.0000002686
0.0000003601
0.0000036873
0.0000061428
0.0000135981
0.0000149688
0.0000490402
0.0001547134
0.0000001302
0.0000000299
0.0000000459
0.0000000396
0.0000001119
0.0000000731
0.0009352540
0.0007121069
0.0350439193
0.0424286955
0.1440032389
0.2031432676
0.0633741749
0.0079843779
0.0150821418
0.0002377912
0.0001527880
0.0000884851
0.0000002089
0.0029715820
0.0042998996
0.0000039259
0.0129323260
0.0128699222
0.0014402052
0.0013065291
0.0012781116
0.0000000004
0.0000000006
0.0000000005
0.0075794946
0.0000211957
0.0000173667
0.0000280397
0.0000313350
0.0000370131
0.0000870073
0.0002392473
0.0001549876
0.0000181397
0.0000235148
0.0000230908
0.0126531620
0.0000009368
0.0000007833
0.0035353922
0.0009239054
0.0026303138
0.0024464414
0.0026048172
0.0007349654
0.0007006083
0.0026271735
0.0045744761
0.0045463193
0.0065689709
0.0027648982
0.0026166441
0.0296602434
0.1064804847
0.0000010827
0.0000001129
0.0000000016
0.0000000010
0.0000000010
0.0000000001
0.0000000000
0.0000000000
0.0000000001
0.0000000001
0.0000000001
0.0000000000
0.0052100527
0.0079583542
0.0042062304
0.0197115909
0.0583452128
0.0000000000
0.0000000349
0.0000000001
0.0000000001
0.0000000000
0.0000000000
0.0000000017
0.0000000071
0.0000000127
0.0000000139
0.0000026870
0.0000011178
0.0000015673
0.0000010152
0.0283762621
0.0000010661
0.0674876424
0.1194569454
0.1044743825
0.0020506039
0.0014568299
0.0016250783
0.0013879963
0.0000570911
0.0000508703
0.0323978859
0.0008157665
0.0004585157
0.0009855073
0.0000001469
0.0000007133
0.0000005607
0.0000003023
0.0000054292
0.0000045603
0.0001333290
0.0017803511
0.0017406673
0.0010131377
0.0497605379
0.2062825476
0.0000024033
0.0000301862
0.0000081825
0.0000144100
0.0821089127
0.0425645700
0.0047438657
0.0004145447
0.0042895199
0.0061705876
0.0020669753
0.0002626819
0.0005167128
0.0000595676
0.0067800998
0.0259125268
0.0356097862
0.0013276994
0.3213384840
0.0002777679
0.0010837765
0.0010814054
0.0009026635
0.0011138258
0.0009148940
0.0000001427
0.0000009699
0.0000008424
0.0000001679
0.0000009076
0.0000449182
0.0130956810
0.0399963191
0.0260715968
0.0119263594
0.0104466437
0.0011315469
0.0223956620
0.0270563793
0.0470732666
0.0237475579
0.0181374504
0.0000433424
0.0000087816
0.0000000679
0.0000001840
0.0000000000
0.0000000000
0.0000000000
0.0767965925
0.0927393112
0.0632923297
0.0329669059
0.0000000990
0.0000001332
0.0000000000
0.0000000000
0.0000000000
0.0000000000
0.0000000006
0.0000000009
0.0000000005
0.0301020808
0.0000000001
0.0000000001
0.0000000000
0.0000000000
0.0000000000
0.0000000186
0.0000046389
0.2242586607
0.0647502841
0.0128537211
0.0089110573
0.0118095302
0.0000120150
0.0000177893
0.0000304002
0.2357102978
0.0000013984
0.0183058067
0.0000000007
0.0000000000
0.0000000000
0.0000000000
0.0000000000
0.0000000149
0.0000000124
0.0000005124
0.0000001574
0.0000000641
0.0000000408
0.0000000541
0.0000002147
0.0000000691
0.0141000966
0.0566043373
0.0386140092
0.0016694870
0.0733633367
0.0000009597
0.0000406739
0.0000461522
0.0104424751
0.4306162941
0.1053898859
0.4119950131
0.0003634928
0.0002214991
0.0002480078
0.0000145308
0.0000001160
0.0000000926
0.0000000862
0.0000002901
0.0000000894
0.0000000504
0.0169331208
0.0006317415
0.0188614134
0.0014128380
0.0020441246
0.0013612706
0.0101841106
0.0107348911
0.0485717090
0.0055815802
0.0004498144
0.0004282306
0.0015587007
0.0019647161
0.0064184892
0.0000035642
0.0000118877
0.0000162621
0.0000237434
0.0000000000
0.0000000000
0.0000000000
0.0000000000
0.0000000000
0.0000000000
0.0000000001
0.0000046989
0.0000032971
0.0000026259
0.0000045317
0.0000040097
0.0000018113
0.1943993809
0.2437803385
0.1900628841
0.2335113606
0.1842114841
0.0489757086
0.1868650473
0.0251418024
0.0001015796
0.0000567750
0.0000000024
0.0000000002
0.0000000000
0.0000000000
0.0000000000
0.0000000000
0.0000022548
0.0000000522
0.0000000185
0.0000012046
0.0000177900
0.0000160575
0.0000266749
0.0000347721
0.0057708797
0.0048087844
0.0064655658
0.0188166793
0.0167919056
0.0000000000
0.0000000000
0.0000000000
0.0000000000
0.0000000000
0.0000000000
0.0000000000
0.0000000000
0.0000000000
0.0000000001
0.0016456502
0.0158907659
0.0109777567
0.0004849397
0.0000000000
0.0000000000
0.0000000000
0.0000000000
0.0851074722
0.0000200798
0.0003726564
0.0308435237
0.0016291213
0.0003028182
0.0005179253
0.0006259679
0.0014533283
0.0186535748
0.0062901195
0.0093527163
0.0061785303
0.0043097263
0.0042109169
0.0001959127
0.0194061024
0.0052237771
0.0025823368
0.0034612491
0.0000133345
0.0000136450
0.0000000000
0.0000000000
0.0000000000
0.0000000000
0.0000000000
0.0000000261
0.0000000080
0.0000000193
0.0000000076
0.0000000166
0.0000000190
0.0000000001
0.0000000025
0.0000566900
0.0000571786
0.0001223407
0.0000657943
